function [ catxy ] = catdrawing_xy( input_args )
%brian's xy drawn cat. Z is to the right of the cat.



catxy = [-0.21153846153846145, -0.1308724832214767
-0.273076923076923, -0.10046463603510603
-0.3423076923076922, 0.08768714506969522
-0.11538461538461542, 0.4057176045431079
-0.3192307692307692, 0.6144553433144035
-0.25, 0.8054981930820857
-0.07307692307692304, 0.7914816726897265
0.15384615384615374, 0.7806530717604544
0.32692307692307687, 0.7834279814145585
0.5230769230769228, 0.7760583376355188
0.6807692307692308, 0.8225090345895714
0.7692307692307689, 0.916171915332989
0.846153846153846, 0.9830278781621062
0.8807692307692305, 0.9829117191533298
0.9115384615384616, 0.9962312854930303
0.9192307692307689, 1.0297625193598345
0.9615384615384615, 1.0631775942178625
0.973076923076923, 1.066494579246257
0.9884615384615383, 1.0563758389261744
0.9884615384615383, 1.0496644295302013
0.996153846153846, 1.0362157976251936
1.0115384615384613, 1.0395198760970572
1.0269230769230766, 1.0428239545689209
1.0346153846153843, 1.039442436757873
1.0499999999999996, 1.0360351058337636
1.0499999999999996, 1.0125451729478572
1.0461538461538458, 0.9957795560144551
1.038461538461538, 0.9488255033557046
1.0538461538461539, 0.9420624677336085
1.0730769230769226, 0.9352865255549818
1.142307692307692, 0.9149199793495093
1.1499999999999997, 0.891404233350542
1.1576923076923074, 0.8745998967475476
1.1807692307692308, 0.8510325245224573
1.1923076923076923, 0.8073696437790395
1.2153846153846153, 0.7838022715539492
1.2076923076923076, 0.756982447083118
1.2076923076923076, 0.7368482188951986
1.2153846153846153, 0.7334667010841505
1.211538461538461, 0.7200567888487348
1.2076923076923076, 0.710002581311306
1.1923076923076923, 0.6899199793495092
1.1499999999999997, 0.6665720185854411
1.1038461538461537, 0.6700826019617965
1.0730769230769226, 0.6701858544140422
1.038461538461538, 0.666946308724832
1.0230769230769228, 0.6737093443469282
0.9576923076923072, 0.6739287558079503
0.8961538461538459, 0.6540010325245222
0.869230769230769, 0.6238900361383581
0.8384615384615384, 0.5937919463087247
0.7807692307692304, 0.42284460505936994
0.7846153846153843, 0.409408879710893
0.6961538461538461, 0.2788332472896229
0.665384615384615, 0.22860092927206987
0.6423076923076925, 0.18840991223541526
0.6153846153846152, 0.15158750645327812
0.6076923076923075, 0.13147909137842007
0.596153846153846, 0.0744708311822404
0.596153846153846, 0.01742385131646862
0.5807692307692307, -0.032860092927207374
0.5769230769230769, -0.06975993804852876
0.5807692307692307, -0.08655136809499253
0.5923076923076922, -0.09665720185854454
0.6115384615384614, -0.10678884873515782
0.6269230769230767, -0.13368611254517315
0.6346153846153844, -0.15049044914816756
0.6076923076923075, -0.16382292204439897
0.5653846153846154, -0.1636809499225611
0.5192307692307689, -0.1501032524522461
0.5115384615384613, -0.14336602994321135
0.4961538461538464, -0.11646876613319579
0.47307692307692295, -0.10296850800206525
0.4807692307692306, -0.002323180175529238
0.47307692307692295, 0.004414042333505064
0.4653846153846153, 0.031285493030459355
0.4538461538461538, 0.05816985028394406
0.4346153846153846, 0.14548270521424866
0.42692307692307674, 0.18577697470314924
0.4192307692307693, 0.22271553949406275
0.4192307692307693, 0.2462054723799687
0.4076923076923076, 0.27644553433144026
0.40384615384615374, 0.33014971605575627
0.3423076923076924, 0.3001548786783683
0.3038461538461539, 0.29357253484770274
0.26923076923076916, 0.27355446566855934
0.16538461538461524, 0.2739029426948887
0.09615384615384603, 0.27077955601445525
0.04230769230769238, 0.2843830665978313
-0.03461538461538449, 0.29470831182240587
-0.0692307692307692, 0.29818017552916865
-0.09615384615384626, 0.30162622612287016
-0.1038461538461537, 0.27145069695405266
-0.09615384615384626, 0.2613577697470315
-0.11923076923076925, 0.20103252452245712
-0.13076923076923053, 0.18093701600412992
-0.14230769230769202, 0.17426432627774902
-0.18461538461538463, 0.14084925141972104
-0.18846153846153824, 0.13750645327826527
-0.24615384615384595, 0.09072018585441399
-0.25384615384615383, 0.09074599896747548
-0.25, 0.087377387712958
-0.25384615384615383, 0.0336990191017037
-0.23076923076923084, -0.013358286009292897
-0.22692307692307678, -0.030149716055756448
-0.20769230769230762, -0.07383840991223556
-0.17692307692307674, -0.09072018585441421
-0.16923076923076907, -0.09745740836344874
-0.15769230769230758, -0.09749612803304086
-0.14230769230769202, -0.10425916365513688
-0.12692307692307692, -0.13115642746515244
-0.12692307692307692, -0.1412235415591121
-0.13461538461538458, -0.15126484254001027
-0.14230769230769202, -0.15459473412493563
-0.16923076923076907, -0.14443727413526108
-0.19999999999999973, -0.14768972638100175
-0.25384615384615383, -0.1542204439855448
-0.26923076923076916, -0.14745740836344878
-0.29230769230769216, -0.1272457408363452
-0.30000000000000004, -0.09030717604543126
-0.31153846153846154, -0.07348993288590622
-0.31153846153846154, -0.0567114093959733
-0.3423076923076922, -0.01633970056788847
-0.35769230769230753, 0.007201858544140238
-0.3769230769230767, 0.02740061951471362
-0.3807692307692305, 0.04419204956117695
-0.39230769230769225, 0.06772070211667525
-0.39615384615384586, 0.07444501806917914
-0.4115384615384614, 0.09127516778523481
-0.4192307692307691, 0.12150232318017551
-0.4192307692307691, 0.1349251419721218
-0.39615384615384586, 0.16840474961280316
-0.3846153846153846, 0.23548012390294248
-0.3884615384615384, 0.28582860092927187
-0.40384615384615374, 0.30265875064532755
-0.4346153846153844, 0.3296076406814661
-0.44999999999999996, 0.36657201858544153
-0.4653846153846153, 0.39346928239545687
-0.4692307692307691, 0.43039494062983996
-0.4653846153846153, 0.4572276716572019
-0.4769230769230768, 0.46397780072276706
-0.4884615384615383, 0.44052658750645346
-0.5423076923076922, 0.37023748064016515
-0.5538461538461537, 0.3434305627258647
-0.5999999999999999, 0.24627000516262276
-0.6576923076923074, 0.15921528136293217
-0.7269230769230767, 0.08226639132679403
-0.7499999999999998, 0.0722767165720184
-0.7884615384615383, 0.04220443985544642
-0.8153846153846152, 0.03558337635518849
-0.8230769230769228, 0.042320598864223014
-0.8346153846153843, 0.08262777490965423
-0.8269230769230765, 0.09938048528652543
-0.7807692307692305, 0.14620547237996906
-0.7230769230769228, 0.24668301497160572
-0.6769230769230766, 0.3069308208569954
-0.6653846153846151, 0.3270263293753226
-0.6576923076923074, 0.3504904491481673
-0.642307692307692, 0.4074858027878163
-0.6269230769230767, 0.45105833763551884
-0.5999999999999999, 0.49459215281362945
-0.5884615384615383, 0.5381775942178626
-0.569230769230769, 0.5783815178110481
-0.5499999999999998, 0.62194114610222
-0.5346153846153845, 0.6588022715539494
-0.5192307692307692, 0.6923076923076925
-0.4923076923076921, 0.7157072792978834
-0.4807692307692306, 0.7257356737222509
-0.43846153846153824, 0.772573567372225
-0.4076923076923076, 0.7926045431078989
-0.34999999999999987, 0.8024780588538978
-0.20769230769230762, 0.8053562209602478
-0.09615384615384626, 0.7982705214248837
-0.0923076923076922, 0.798257614868353
-0.11923076923076925, 0.7983479607640681
-0.16538461538461524, 0.7985028394424367
-0.21153846153846145, 0.802013422818792
-0.25769230769230744, 0.8088797108931338
-0.29230769230769216, 0.802284460505937
-0.31153846153846154, 0.8057046979865772
0.8115384615384611, 0.5670366546205472
0.7961538461538462, 0.5402426432627774
0.7884615384615385, 0.47986577181208045
0.7730769230769228, 0.39938048528652526
0.746153846153846, 0.35249096541042824
0.7038461538461538, 0.2955859576664943
0.665384615384615, 0.2185338151781102
0.6384615384615382, 0.1716442953020132
0.6230769230769229, 0.14485028394424337
0.596153846153846, 0.06440371708828074
0.5807692307692307, 0.02754259163655104
0.5846153846153845, -0.006027361899845429
0.5769230769230769, -0.05633711925658269
0.4538461538461538, 0.007834279814145528
0.4653846153846153, -0.08280846670108444
